
1  2016-11-01 iphone6s      24        49      84192 57422   316200000
2  2016-11-02 iphone6s      33        24      85955 57022   316200000
3  2016-11-03 iphone6s      25        35      84172 56725   316000000
4  2016-11-04 iphone6s      29        46      86276 56896   316310000
5  2016-11-05 iphone6s       3        62      85783 56234   316200000
6  2016-11-06 iphone6s       4        88      87605 55964   316000000
7  2016-11-07 iphone6s      35        82      88485 55666   315590000
8  2016-11-08 iphone6s      49        90      84731 55639   315580000
9  2016-11-09 iphone6s      35        74      80713 53271   315710000
10 2016-11-10 iphone6s      35        75      81138 55490   316280000
11 2016-11-11 iphone6s      97       155      82790 54294   321350000
12 2016-11-12 iphone6s       4        54      78169 56154   317500000
13 2016-11-13 iphone6s       3        55      80221 55690   318970000
14 2016-11-14 iphone6s      54        76      81181 18817   319250000
15 2016-11-15 iphone6s      21        59      79146 18517   319490000
16 2016-11-16 iphone6s      15        71      80347 18232   319470000
17 2016-11-17 iphone6s      18        54      77804 17897   320230000
18 2016-11-18 iphone6s       7        54      73088 17513   324150000
19 2016-11-19 iphone6s      10        23      75189 17169   324090000
20 2016-11-20 iphone6s       4        48      73663  5647   324530000
21 2016-11-21 iphone6s      20       168      83171 16176   324760000
22 2016-11-22 iphone6s      26        58      82377 15631   325920000
23 2016-11-23 iphone6s      54        38      79321 15274   326620000
24 2016-11-24 iphone6s      67       206      78958 14902   330990000
25 2016-11-25 iphone6s      42        74      72552 14504   333270000
26 2016-11-26 iphone6s      17        83      73650 14157   333010000
27 2016-11-27 iphone6s      10        49      71944 14157   334570000
28 2016-11-28 iphone6s      30        74      70098 12727   334480000
29 2016-11-29 iphone6s      13        67      69274 13056   335810000
30 2016-11-30 iphone6s      36        52      66936 12908   336510000
31 2016-12-01 iphone6s      48       113      68936 12568   337110000
32 2016-12-02 iphone6s      93       295      70909  9060   398980000
33 2016-12-03 iphone6s      13       307      79599  8972   391610000
34 2016-12-04 iphone6s       8       266      76313 17897   391810000
35 2016-12-05 iphone6s      48       213      72745 41911   400670000
36 2016-12-06 iphone6s      22       289      68519  8917   399830000
37 2016-12-07 iphone6s      52       200      67990  8599   315580000
38 2016-12-08 iphone6s      30       278      67971 16659   367490000
39 2016-12-09 iphone6s      25       296      68262  8599   397530000
40 2016-12-10 iphone6s       9       233      71828  8577   345890000
41 2016-12-11 iphone6s       8       219      71457  7616   379933000
42 2016-12-12 iphone6s      13       256      69395  6183   395733000
43 2016-12-13 iphone6s      22       250      70178 11337   381781000
44 2016-12-14 iphone6s      24       228      68308  6521   391904000
45 2016-12-15 iphone6s      26        97      66741  6494   397634000
46 2016-12-16 iphone6s      34       160      66720  6470   394672000
47 2016-12-17 iphone6s       3       279      69761  6439   399503000
48 2016-12-18 iphone6s       9       196      69622  6378   385203000
49 2016-12-19 iphone6s      16       170      69001  6281   397976000
50 2016-12-20 iphone6s      12       208      67706  5771   316310000
51 2016-12-21 iphone6s      17        59      68933 11926    53320000
52 2016-12-22 iphone6s      19       114      67004 16178   316200000
53 2016-12-23 iphone6s      23       124      65712  6077   316000000
54 2016-12-24 iphone6s       9       133      66608 11000   388962000
55 2016-12-25 iphone6s       7       135      70943 10000   388292000
56 2016-12-26 iphone6s      10       152      69515 12873   421841000
57 2016-12-27 iphone6s      11       154      65626  5904   371392000
58 2016-12-28 iphone6s      39       185      64264 16908   388192000
59 2016-12-29 iphone6s      88       113      64332 16844   353073000
60 2016-12-30 iphone6s      50       140      66124 16761   385473000
61 2016-12-31 iphone6s       7       113      69333  5698   385273000
62 2017-01-01 iphone6s      14       141      72806  5647   355273000
63 2017-01-02 iphone6s       2       184      72212  5721   387485000
64 2017-01-03 iphone6s      17       169      69600 16751   370965000
65 2017-01-04 iphone6s       8       174      68488 16659   386365000
66 2017-01-05 iphone6s      21       151      66766 16583   386165000
67 2017-01-06 iphone6s      47       124      67694  5572   385466000
68 2017-01-07 iphone6s       4       136      68096  5665   366666000
69 2017-01-08 iphone6s       7       111      68027  5771   380266000
70 2017-01-09 iphone6s      33       180      64862 10235   365096000
71 2017-01-10 iphone6s      17       176      62347 16741   381966000
72 2017-01-11 iphone6s      14       122      66436 16406   382984000
73 2017-01-12 iphone6s      14       127      67302 10412   393124000
74 2017-01-13 iphone6s      14       176      64620 13798   395734000
75 2017-01-14 iphone6s       1       198      66108 10318   379534000
76 2017-01-15 iphone6s       6        98      65674  8300   395736000
77 2017-01-16 iphone6s      22       151      65683 14880   394976000
78 2017-01-17 iphone6s       7        85      63996 15840   394976000
79 2017-01-18 iphone6s      13       100      65888 14583   394976000
80 2017-01-19 iphone6s      39       239      64314  8205   374655000
81 2017-01-20 iphone6s      30       227      61871  4506   378885000
82 2017-01-21 iphone6s       3       142      62980  4451   394565000
83 2017-01-22 iphone6s      37        88      64113 13451   394665000
84 2017-01-23 iphone6s      27        58      62662  4330   394666000
85 2017-01-24 iphone6s      24        83      62657 13351   362366000
86 2017-01-25 iphone6s      21        45      59736  8633   394686000
87 2017-01-26 iphone6s       4        68      56863  9458   375026000
88 2017-01-27 iphone6s       1        39      46934  9742   393616000
89 2017-01-28 iphone6s       3        35      52831  8928   393610000
90 2017-01-29 iphone6s      13        26      57936  5329   393650000
91 2017-01-30 iphone6s       3        41      61190 11200   379518000
92 2017-01-31 iphone6s       2        55      62756 10979   393698000